165
209
98
105
138
92
83
107
183
184
135
131
128
106
96
159
209
137
50
28
85
214
164
196
33
59
238
0
177
165
248
246
81
212
192
74
19
32
177
84
178
129
100
15
15
12
174
49
168
23
47
159
116
45
19
7
238
170
194
36
19
174
115
249
155
107
222
69
81
247
36
150
244
163
146
212
238
85
20
155
74
142
137
51
191
99
47
218
214
247
142
159
61
168
198
38
188
50
210
3
120
14
61
48
119
156
19
184
171
222
83
201
126
106
191
180
12
186
207
209
162
88
136
88
26
16
193
199
206
245
194
228
34
198
63
35
159
118
151
5
192
131
80
215
169
165
106
111
157
215
190
58
10
78
184
182
79
228
110
135
111
79
129
102
36
54
112
183
109
236
106
186
174
163
116
196
79
120
49
195
208
201
154
134
118
169
152
224
212
246
221
145
132
80
204
75
45
35
136
139
207
148
77
112
165
46
219
