49
112
126
57
213
9
236
132
153
85
86
75
222
86
32
131
189
174
227
78
49
252
30
193
48
246
96
236
123
180
27
8
63
208
132
187
40
25
136
93
137
33
32
121
205
45
80
115
142
254
99
187
96
150
175
78
244
98
105
225
23
63
32
227
41
64
91
28
10
168
54
67
165
124
212
252
93
90
71
241
216
249
91
14
140
99
162
204
232
248
217
197
21
90
20
10
114
131
195
229
22
202
202
140
106
201
114
5
193
0
98
161
217
108
213
16
162
121
187
234
182
166
212
144
166
194
32
24
12
27
76
177
104
193
201
215
206
34
211
187
218
24
164
150
183
228
29
0
4
215
39
64
209
141
118
96
139
30
52
193
136
81
40
205
193
86
18
237
232
189
67
84
177
43
249
55
74
48
31
136
148
71
224
200
49
112
126
57
213
9
236
132
153
85
86
75
222
86
32
131
83
150
197
80
190
69
216
176
