20
238
45
43
110
48
198
61
158
225
19
113
193
200
131
224
125
23
69
4
173
62
212
159
167
58
6
75
222
160
68
53
114
116
12
132
68
85
83
113
167
133
200
50
14
123
97
8
58
128
93
30
120
189
101
54
61
32
149
40
106
225
56
248
251
122
122
117
94
8
246
76
75
63
71
115
201
99
140
220
145
120
32
176
87
196
162
144
250
66
44
42
13
136
37
214
250
123
21
28
196
182
220
99
109
155
180
69
38
38
110
254
181
99
72
210
107
48
11
138
154
106
120
120
77
18
82
50
76
121
187
87
100
67
195
114
35
225
170
76
221
162
41
90
99
167
180
239
200
167
123
65
5
38
137
22
87
76
229
211
115
1
167
146
144
192
71
7
73
57
69
61
188
22
8
185
57
152
113
137
130
110
136
124
69
76
73
231
55
253
207
170
26
216
154
1
196
67
213
210
160
195
230
89
40
11
70
154
50
60
236
163
77
164
78
41
108
184
139
220
132
153
67
45
89
16
117
190
50
22
61
12
140
12
189
8
177
196
140
66
122
76
58
201
200
159
108
227
90
83
127
174
187
85
61
108
