34
61
114
74
91
118
62
74
92
35
119
39
115
97
87
92
97
72
82
74
39
13
10
66
60
116
83
86
125
58
80
72
107
118
38
51
96
89
101
92
79
78
80
115
13
10
65
92
115
85
95
120
65
76
78
87
94
37
50
32
88
103
101
74
85
76
121
13
10
64
91
51
84
97
33
60
83
74
93
74
109
49
127
120
102
103
83
80
83
117
13
10
40
90
50
116
96
35
69
78
81
89
80
89
121
126
119
38
102
85
89
78
124
13
10
116
66
49
115
32
34
71
87
76
96
76
95
101
102
118
37
38
84
91
87
119
13
10
122
46
121
114
127
66
70
89
85
91
83
91
107
82
94
36
37
116
90
89
32
13
10
118
52
101
90
126
65
102
88
87
100
78
98
103
88
74
108
36
115
122
88
34
13
10
125
48
107
70
102
64
101
120
86
102
87
93
110
84
80
88
108
114
121
120
33
13
10
