186
58
104
23
104
210
116
6
105
69
187
99
91
240
72
68
212
0
7
187
194
75
18
172
7
93
56
146
189
108
42
136
131
220
229
222
82
15
244
130
230
40
81
76
15
14
240
225
214
60
169
129
61
161
90
79
220
236
242
118
216
71
167
238
109
67
165
139
92
41
37
201
94
206
178
88
107
142
62
103
128
254
91
130
132
185
211
15
132
75
117
66
27
117
17
67
137
113
247
245
115
236
78
192
38
185
148
140
26
49
57
100
84
123
77
203
163
6
194
213
195
37
102
231
37
224
254
31
134
145
203
223
242
66
240
71
212
241
195
161
174
233
127
73
206
85
96
86
126
53
10
254
153
40
220
34
134
93
126
124
123
227
40
214
50
128
97
44
4
111
35
27
113
141
246
183
44
250
230
162
141
158
115
57
79
251
144
238
98
214
152
176
57
42
40
219
67
46
169
52
133
125
7
224
188
212
234
66
